01001000
01001001
01001010
01001900
01001901
01001902
01002000
01002001
01002010
01002020
01002900
01002901
01002902
01002903
01003000
01003001
01003010
01003900
01003901
01003902
01003903
01003904
01003905
01004000
01004010
01004900
01004901
01004902
01004903
01004904
01005000
01005010
01005020
01005030
01005900
01006000
01006001
01006010
01006020
01006030
01006040
01006900
01006901
01006903
01006904
01007000
01007010
01007020
01007030
01007040
01007050
01007060
01007070
01007080
01007900
01007901
01007904
01007905
01007906
01008000
01008010
01008900
01008901
01008902
01008903
01008904
01008905
01008906
01008908
01009000
01009901
01009902
01009903
01009904
01009905
01009906
01009907
01009908
01009999
01010000
01010001
01010010
01010900
01010901
01010902
01010903
01010904
01010905
01011000
01011100
01011900
01011901
01011902
01011903
01011904
01012000
01012001
01012010
01012020
01012030
01012900
01012902
01012904
01012905
01012907
01012908
01012909
01013000
01013001
01013010
01013020
01013901
01013902
01013903
01013904
01013905
01013906
01013907
01013909
01013910
01013911
01013913
01013914
01013915
01014000
01014001
01014010
01014020
01014030
01014900
01014901
01014902
01014903
01014904
01014905
01014906
01014907
01014908
01014909
01014910
01014911
01014912
01014913
01014914
01014915
01014916
01014917
01014919
01014920
01014925
01014930
01014940
01014970
01015000
01015010
01015020
01015030
01015040
01015050
01015060
01015070
01015080
01015090
01015100
01015900
01015901
01016000
01016010
01016020
01016030
01016040
01016050
01016900
01017000
01017010
01017020
01017030
01017040
01017902
01017903
01017904
01017905
01017906
01017907
01017908
01017909
01017910
01017911
01017970
01018000
01018001
01018010
01018020
01019000
01019010
01019020
01019030
01019040
01019900
01020000
01020001
01020010
01020020
01020030
01020040
01020050
01020900
01020901
01020902
01020903
01020904
01021000
01021100
01021200
01021900
01021901
01021902
01021903
01022000
01022010
01022020
01022030
01022040
01022050
01022060
01022070
01022959
01022970
01023000
01023001
01023010
01023020
01023030
01023040
01023050
01023060
01023070
01023900
01023902
01023903
01023904
01023905
01023906
01024000
01024100
01024900
01025000
01025001
01025010
01025020
01025900
01026000
01026001
01026010
01026900
01026901
01026902
01026903
01026904
01027000
01027001
01027010
01027020
01027030
01027040
01027050
01027900
01028000
01028010
01028020
01028030
01028900
01029000
01029001
01029010
01029900
01029901
01029902
01029903
01029959
01029970
01030000
01030001
01030010
01030020
01030900
01030901
01030902
01031000
01031001
01031005
01031010
01031020
01031030
01031900
01031901
01031902
01031903
01031904
01031905
01031906
01031959
01031970
01032000
01032001
01032010
01032020
01032030
01032901
01032902
01032903
01032905
01032970
01033000
01033001
01033010
01033020
01033030
01033040
01033050
01033900
01033901
01033902
01033903
01033904
01033905
01033906
01033907
01033989
01034000
01034001
01034010
01034020
01034030
01034040
01034900
01034901
01034902
01034903
01034904
01035000
01035100
01035901
01035902
01035903
01035904
01035905
01036000
01036100
01036900
01036901
01036902
01036903
01036970
01037000
01037001
01037010
01037900
01037901
01037902
01037903
01037904
01037905
01037906
01037907
01037908
01037909
01037910
01037911
01037912
01038000
01038100
01038900
01038901
01038902
01038903
01038904
01039000
01039900
01039901
01039902
01039903
01039904
01039905
01039906
01039907
01039908
01040000
01040010
01040901
01040902
01040903
01040904
01040905
01040906
01041000
01041001
01041900
01041901
01041903
01041904
01041905
01041906
01041907
01041911
01042000
01042001
01042010
01042020
01042030
01042901
01042902
01042903
01042904
01042905
01042906
01042907
01042908
01042909
01042910
01042911
01042912
01042913
01042914
01042915
01042916
01042917
01043000
01043010
01043900
01043901
01043902
01043903
01043904
01043905
01043906
01043907
01043908
01043909
01044000
01044901
01044902
01044903
01044904
01044905
01044906
01044907
01044908
01044909
01045000
01045001
01045010
01045020
01045900
01045901
01045902
01045903
01045904
01045905
01045906
01045907
01045908
01045909
01045910
01045911
01045912
01046000
01046001
01046010
01046020
01046030
01046040
01046900
01046902
01046904
01046905
01046906
01046908
01046910
01046911
01046912
01046913
01046914
01046915
01046916
01046917
01046918
01046919
01046920
01046921
01046922
01046923
01046924
01046925
01046926
01046927
01047000
01047010
01047020
01047904
01047905
01047906
01047907
01047908
01047909
01047910
01047911
01047912
01048000
01048100
01048900
01048901
01048902
01048903
01048904
01048905
01049000
01049010
01049020
01049030
01049901
01049902
01049903
01049904
01049905
01049906
01049907
01049908
01049909
01049910
01049911
01050000
01050020
01050030
01050050
01050060
01050070
01050901
01050903
01050904
01050905
01050906
01050907
01101000
01101010
01101020
01101040
01101050
01101060
01101080
01101090
01102000
01102010
01102020
01102030
01102040
01102050
01103000
01103010
01103020
01103030
01103040
01103050
01103060
01103070
01103080
01103090
01103100
01103110
01103200
01103201
01104000
01104001
01104010
01105000
01105010
01105020
01105030
01105040
01105050
01106000
01106010
01106020
01106030
01106040
01106050
01106060
01106070
01106080
01106090
01106100
01106110
01106120
01106130
01107000
01107010
01107020
01107030
01107040
01107050
01107060
01107900
01107901
01107902
01108000
01109000
01109010
01109020
01109030
01109040
01109050
01109060
01109070
01109080
01109090
01109100
01109900
01109959
01109970
01120000
01120001
01120010
01120020
01120030
01120901
01121000
01121010
01121020
01121030
01121040
01121900
01122000
01122010
01122011
01122020
01122021
01122030
01122040
01123000
01123001
01123010
01123020
01123030
01123040
01123050
01123900
01124000
01124010
01124020
01124030
01124040
01124050
01124060
01125000
01125001
01125010
01125020
01125030
01125959
01125970
01126000
01126001
01126010
01126020
01126030
01127000
01127010
01127020
01127030
01127040
01127050
01128000
01128010
01128020
01128030
01128040
01128050
01128060
01128070
01128080
01128090
01128100
01128110
01128120
01128130
01128140
01129000
01129010
01129020
01129030
01130000
01130010
01130020
01130900
01130959
01130970
01131000
01131010
01131020
01131030
01131040
01131900
01132000
01132010
01132020
01132030
01132040
01132900
01133000
01133010
01133020
01133030
01133040
01133050
01133060
01133070
01133080
01133090
01133100
01134000
01134010
01134020
01134030
01134040
01134050
01134060
01134070
01134080
01134901
01134902
01135000
01135010
01135020
01135030
01135040
01135050
01135060
01136000
01136001
01136005
01136010
01136020
01136030
01136040
01137000
01137010
01137020
01137030
01137040
01137045
01137050
01137060
01138000
01138010
01138020
01138030
01138040
01138050
01138901
01139000
01139001
01139002
01139003
01139010
01139020
01139030
01139040
01139050
01139060
01139070
01139080
01139090
01139901
01140000
01140001
01140010
01140020
01140030
01140040
01140050
01140060
01140063
01140065
01140070
01140080
01140090
01140100
01140110
01140120
01140130
01140140
01140150
01140151
01140900
01140901
01140970
01141000
01141010
01141020
01141030
01141040
01141050
01141060
01141070
01141080
01141090
01141900
01141901
01141902
01142000
01142100
01142200
01142300
01144000
01144010
01144020
01144025
01144030
01144040
01144050
01144060
01144070
01144080
01144900
01144901
01150000
01150001
01150010
01150011
01150020
01150901
01151000
01151010
01151020
01151030
01151040
01152000
01152010
01153000
01153010
01153020
01153030
01153040
01154000
01154001
01154010
01154020
01154025
01154030
01154040
01154050
01154060
01154070
01154080
01154900
01155000
01155010
01155020
01155030
01155040
01155050
01155060
01155070
01155080
01155900
01155901
01156000
01156001
01156010
01156020
01156030
01156040
01156049
01156050
01156060
01156080
01156100
01156900
01156970
01189900
01201000
01201001
01201010
01201020
01201030
01201040
01201050
01201060
01201900
01201901
01201902
01201903
01201904
01202000
01202001
01202002
01202003
01202010
01202020
01202030
01202900
01202901
01202902
01202903
01202970
01203000
01203001
01203002
01203003
01203010
01203902
01203903
01203904
01203905
01204000
01204001
01204002
01204003
01204010
01204900
01204959
01204970
01204971
01205000
01205001
01205010
01205900
01205901
01205902
01205903
01205904
01205905
01206000
01206001
01206010
01206901
01206902
01206904
01206905
01206972
01207000
01207001
01207010
01207900
01208000
01208001
01208011
01208012
01209000
01209001
01209002
01209003
01209010
01209900
01210000
01210001
01210002
01210003
01210010
01210901
01210902
01211000
01211002
01211100
01211101
01211900
01212001
01212002
01212010
01212020
01212030
01212900
01212901
01212903
01212904
01212905
01213000
01213001
01213002
01213003
01213010
01213900
01214000
01214100
01214999
01215000
01215001
01215010
01215020
01215900
01215959
01215970
01216000
01216001
01216011
01216012
01216959
01216970
01216971
01216999
01217000
01217010
01217011
01217020
01218000
01218011
01218012
01218020
01218900
01218902
01219000
01219001
01219010
01219011
01219900
01219901
01219902
01219903
01219904
01219905
01219906
01220000
01220010
01220020
01220030
01220040
01220900
01220901
01220902
01220903
01220904
01220905
01220908
01220959
01220970
01221000
01221001
01221010
01221020
01221030
01221040
01221900
01221901
01221902
01221903
01221906
01222000
01222001
01222010
01222020
01222901
01222902
01222903
01223000
01223001
01223010
01223011
01223020
01223900
01223901
01223902
01223903
01223904
01223905
01223906
01223907
01223959
01223970
01224000
01224001
01224002
01224003
01224010
01224011
01224020
01224021
01224030
01224040
01224050
01224900
01225000
01225001
01225010
01225020
01225030
01225040
01225050
01225060
01225070
01225900
01226000
01226001
01226002
01226003
01226010
01226011
01226020
01226030
01226031
01226900
01226901
01227000
01227100
01227200
01227900
01227901
01227902
01227903
01227904
01227905
01227906
01227907
01227909
01227970
01227999
01228000
01228100
01228200
01228900
01228901
01228902
01228903
01228904
01228905
01228906
01229000
01229001
01229010
01229901
01229902
01229903
01229904
01229905
01230000
01230001
01230010
01230020
01230030
01230040
01230900
01230901
01230902
01230903
01230904
01230905
01230906
01230907
01230908
01230909
01231000
01231001
01231010
01231011
01231020
01231901
01231902
01231904
01231905
01232000
01232001
01232010
01232011
01232020
01232030
01232904
01232906
01232907
01232908
01232909
01232910
01233000
01233001
01233010
01233020
01233030
01233050
01233060
01233070
01233902
01233903
01233904
01233906
01233907
01234000
01234001
01234010
01234020
01234030
01234040
01234050
01234060
01234900
01234903
01234905
01234911
01234912
01234914
01234916
01234959
01234970
01235000
01235010
01235020
01235030
01235900
01236000
01236010
01236020
01236030
01236040
01236050
01236060
01236070
01236901
01237000
01237010
01237020
01237030
01237040
01237050
01238000
01238001
01238010
01238900
01238901
01238902
01238904
01238905
01238909
01238910
01239000
01239001
01239010
01239011
01239020
01239030
01239040
01239050
01239060
01239900
01239901
01239903
01239904
01239905
01239906
01239907
01239908
01239970
01240000
01240001
01240010
01240020
01240030
01240900
01240901
01240902
01240904
01240905
01240906
01241000
01241001
01241010
01241020
01241030
01241040
01241902
01241903
01242000
01242001
01242010
01242020
01242030
01242040
01242901
01242902
01243000
01243001
01243002
01243010
01243020
01243030
01243040
01243050
01243060
01243901
01243902
01243903
01243904
01243905
01243906
01243907
01243908
01243909
01243910
01243911
01243912
01244000
01244001
01244010
01244011
01244020
01244030
01244040
01244050
01244060
01244070
01244900
01244904
01244905
01244908
01244909
01244910
01245000
01245010
01245020
01246000
01246010
01246020
01246030
01246040
01246050
01246060
01246070
01246080
01246090
01246100
01246110
01246120
01246130
01246140
01246150
01246160
01246900
01246902
01246903
01246904
01247000
01247010
01247020
01247030
01247040
01247050
01247060
01247070
01247080
01247090
01248000
01248010
01248020
01248030
01248040
01248050
01248060
01248070
01248080
01248090
01248100
01249000
01249010
01249020
01249030
01249040
01249050
01249060
01250000
01250001
01250010
01250020
01250030
01250040
01250050
01250060
01251000
01251001
01251010
01251020
01251030
01251040
01251050
01251060
01251070
01251080
01251090
01251110
01251120
01251130
01251140
01251150
01251160
01251900
01252000
01252010
01252020
01252030
01252040
01252050
01252060
01252070
01252080
01252090
01252100
01252110
01252120
01252900
01252901
01253000
01253001
01253010
01253020
01253030
01253040
01253050
01253070
01253090
01253100
01254000
01254010
01254020
01254030
01254040
01254050
01254060
01254070
01254080
01254090
01254901
01254902
01255000
01255010
01255020
01255030
01255040
01255050
01255070
01255080
01255090
01256000
01256010
01256020
01256030
01256040
01256050
01256060
01256070
01256080
01256090
01256110
01256120
01256130
01256140
01256150
01257000
01257010
01257020
01257030
01257040
01257050
01257060
01257070
01257080
01257090
01257100
01257110
01257120
01257130
01257140
01257150
01257166
01257900
01258000
01258001
01258010
01258011
01258020
01258030
01258040
01258900
01258901
01258902
01258903
01259000
01259010
01259020
01259030
01259040
01259050
01259060
01259070
01259080
01259090
01259100
01259110
01259900
01262010
01301000
01301100
01301901
01301902
01301903
01301904
01301905
01301906
01301907
01301908
01301909
01301910
01301911
01301989
01301999
01302000
01302001
01302010
01302020
01302030
01302040
01302050
01302901
01302902
01302903
01302904
01302906
01302907
01302908
01303000
01303001
01303010
01303020
01303030
01303040
01303050
01303060
01303900
01303901
01303902
01303903
01303904
01303905
01303906
01303907
01303909
01304000
01304001
01304010
01304900
01304901
01304902
01304971
01305000
01305100
01305900
01305901
01305902
01305903
01305904
01306000
01306001
01306010
01306020
01306030
01306040
01306050
01306060
01306900
01306901
01306902
01307000
01307001
01307002
01307003
01307011
01307012
01307013
01307014
01307020
01307030
01307900
01307901
01307903
01307904
01307905
01307906
01307907
01307908
01307909
01307910
01308000
01308010
01308020
01308030
01308040
01308050
01308060
01308070
01308071
01308080
01308901
01309000
01309001
01309010
01309011
01309020
01309030
01309040
01309900
01309901
01309902
01309903
01309904
01309905
01309906
01309959
01309970
01309999
01310000
01310100
01310200
01310300
01310900
01310901
01310902
01310903
01310904
01310905
01310907
01310908
01310909
01310910
01310911
01310913
01310914
01310915
01310916
01310917
01310918
01310919
01310920
01310921
01310922
01310923
01310924
01310925
01310926
01310927
01310928
01310929
01310930
01310931
01310932
01310933
01310934
01310935
01310936
01310937
01310940
01310941
01310942
01310945
01311000
01311100
01311200
01311300
01311400
01311901
01311902
01311903
01311904
01311905
01311906
01311907
01311908
01311909
01311910
01311911
01311912
01311913
01311914
01311915
01311916
01311917
01311918
01311919
01311920
01311921
01311922
01311923
01311924
01311925
01311926
01311927
01311928
01311929
01311930
01311931
01311933
01311934
01311936
01311940
01311941
01312000
01312001
01312010
01312020
01312900
01313000
01313001
01313010
01313020
01313901
01313902
01313903
01313904
01313905
01314000
01314001
01314010
01314020
01314030
01314040
01314050
01314060
01314070
01314900
01314959
01314971
01315000
01315001
01315010
01315020
01315030
01315040
01315900
01315901
01315902
01315903
01315904
01316000
01316010
01316020
01316030
01316040
01316050
01316060
01316080
01316100
01316900
01316901
01316902
01316903
01317000
01317001
01317002
01317010
01317901
01317902
01317903
01317904
01317905
01317906
01317907
01317908
01317909
01317910
01317911
01318000
01318001
01318002
01318010
01318020
01318900
01318901
01318902
01318903
01318904
01318905
01318906
01318907
01318908
01318909
01318910
01318912
01319000
01319001
01319010
01319020
01319030
01319040
01319050
01319060
01319070
01319080
01319900
01319901
01319902
01319903
01319904
01319905
01319906
01319907
01319908
01319909
01319910
01320000
01320010
01320020
01320030
01320050
01320060
01320900
01321000
01321001
01321010
01321020
01321900
01321901
01321902
01321903
01321904
01321905
01321906
01321907
01322000
01322010
01322020
01322030
01322040
01322050
01322900
01322901
01323000
01323001
01323010
01323020
01323030
01323040
01323050
01323060
01323070
01323080
01323090
01323100
01323110
01323130
01323140
01323900
01323901
01323902
01323903
01324000
01324001
01324010
01324020
01324030
01324040
01324900
01324901
01325000
01325001
01325010
01325020
01325030
01325040
01325050
01325070
01325900
01326000
01326010
01326020
01326030
01326040
01326050
01327000
01327001
01327002
01327010
01327020
01327900
01327901
01327902
01327903
01327904
01327905
01327970
01328000
01328010
01328020
01329000
01329010
01329020
01329030
01329040
01329900
01329901
01329902
01329903
01329904
01330000
01330010
01330015
01330020
01330030
01330040
01330050
01330060
01330900
01330901
01330902
01331000
01331001
01331010
01331020
01331030
01331040
01331902
01331903
01331904
01332000
01332010
01332020
01332030
01332040
01332050
01332060
01332080
01332090
01332100
01332900
01332901
01332902
01332903
01332904
01332905
01332906
01332907
01332908
01332909
01333000
01333001
01333010
01333011
01333020
01333021
01333030
01333040
01333050
01333060
01333070
01333900
01333901
01333902
01333903
01333904
01333905
01333906
01333907
01333908
01333909
01333910
01333911
01333912
01333913
01343901
01345900
01401000
01401001
01401002
01401010
01401900
01401901
01401902
01401903
01401904
01401970
01401971
01401999
01402000
01402001
01402002
01402010
01402020
01402030
01402040
01402050
01402900
01402901
01402959
01402971
01403000
01403001
01403002
01403003
01403010
01403020
01403030
01403900
01403901
01403902
01404000
01404001
01404002
01404003
01404010
01404100
01404200
01404900
01404901
01404902
01405000
01405001
01405002
01405003
01405005
01405010
01405030
01405100
01405200
01405900
01405901
01405902
01405903
01405904
01405905
01405906
01405907
01405971
01405999
01406000
01406100
01406200
01406900
01406901
01406902
01407000
01407100
01407200
01407900
01407901
01407902
01407903
01407904
01407905
01407906
01407907
01407908
01407909
01407910
01407911
01407912
01407913
01408000
01408001
01408010
01408020
01408030
01408040
01408900
01409000
01409001
01409002
01409003
01409010
01409020
01409030
01409900
01409901
01409902
01409903
01409904
01410000
01410001
01410002
01410003
01410010
01410020
01410030
01410901
01410902
01411000
01411001
01411007
01411010
01411011
01411900
01411901
01411902
01412000
01412100
01412900
01412901
01413000
01413100
01414000
01414001
01414002
01414003
01414010
01414020
01414900
01414901
01414902
01414903
01414904
01414905
01414906
01414907
01415000
01415001
01415002
01415003
01415004
01415005
01415006
01415007
01415008
01415009
01415010
01415900
01415901
01415902
01415903
01415904
01415905
01415906
01415907
01415908
01415909
01415910
01416000
01416001
01416002
01416003
01416020
01416900
01416901
01416902
01416903
01416904
01416905
01416906
01416907
01417010
01417020
01417030
01417040
01417050
01417060
01418000
01418002
01418100
01418102
01418200
01418900
01418901
01418902
01418903
01418904
01418959
01418970
01418999
01419000
01419001
01419002
01419010
01419100
01419101
01419901
01419902
01419904
01419905
01419906
01419907
01419908
01419909
01419910
01419911
01419912
01419913
01420000
01420001
01420002
01420003
01420004
01420005
01420006
01420007
01420020
01420040
01420900
01420901
01420902
01420903
01420904
01420906
01421000
01421001
01421002
01421003
01421004
01421005
01421010
01421020
01421030
01421900
01421901
01421902
01422000
01422001
01422002
01422003
01422004
01422005
01422010
01422900
01423000
01423001
01423002
01423003
01423010
01423020
01423030
01423040
01423050
01423080
01423090
01423900
01423901
01423902
01423903
01423904
01423905
01423906
01423907
01423908
01423909
01423910
01423911
01423912
01423913
01423914
01423915
01423916
01423917
01423918
01424000
01424001
01424002
01424003
01424004
01424005
01424006
01424007
01424010
01424020
01424030
01424900
01424901
01424902
01424903
01424904
01424905
01424906
01424907
01424908
01425000
01425001
01425010
01425011
01425020
01425030
01425040
01425050
01425060
01425080
01426000
01426001
01426002
01426003
01426010
01426020
01426030
01426040
01426900
01426901
01426902
01427000
01427001
01427002
01427010
01427020
01427030
01427959
01427970
01428000
01428001
01428010
01428020
01428030
01428900
01429000
01429001
01429010
01429011
01429020
01429030
01430000
01430001
01430010
01430020
01430900
01431000
01431001
01431010
01431020
01431900
01432000
01432010
01432020
01432030
01432040
01432050
01433000
01433010
01433020
01433030
01433040
01433050
01433060
01433070
01433900
01433901
01433902
01433904
01434000
01434100
01434900
01435000
01435001
01435010
01435020
01435030
01435040
01435050
01435060
01435070
01435900
01435901
01435902
01436000
01436010
01436020
01436030
01436040
01436050
01436060
01436070
01436080
01436090
01436100
01436110
01436900
01437000
01437010
01437020
01437030
01437040
01437050
01437060
01438000
01438001
01438010
01438020
01438030
01438040
01438060
01438070
01438080
01438090
01438100
01439000
01439010
01439020
01439030
01439040
01439050
01439060
01440000
01440010
01440020
01440030
01440040
01440050
01440060
01440080
01440100
01440110
01440900
01440902
01440903
01441000
01441001
01441002
01441010
01441020
01441900
01441903
01442000
01442001
01442002
01442010
01442020
01442901
01442902
01443000
01443001
01443010
01443020
01443030
01443040
01443050
01443060
01443070
01443080
01443090
01443900
01444000
01444010
01444020
01444030
01444040
01444050
01444060
01444070
01444080
01444090
01445000
01445010
01445020
01445030
01445040
01445050
01445060
01445070
01446000
01446010
01446020
01446030
01446040
01446050
01446060
01446070
01446900
01446901
01447000
01447010
01447020
01447030
01447040
01447050
01447060
01448000
01448010
01448020
01448030
01448040
01448050
01448060
01448070
01448080
01448090
01448100
01448110
01448120
01448900
01448901
01449000
01449001
01449010
01449020
01449030
01449040
01449050
01449060
01449070
01450000
01450010
01450020
01450030
01450040
01450050
01450060
01450070
01450080
01450090
01450100
01450110
01450120
01450130
01451000
01451001
01451010
01451011
01451015
01451020
01451030
01451040
01451901
01451902
01451903
01451904
01451905
01451906
01451907
01451908
01451909
01451910
01451911
01451912
01451913
01451914
01451915
01451916
01451917
01451918
01451919
01452000
01452001
01452002
01452010
01452020
01452900
01452901
01452902
01452903
01452904
01452905
01452906
01452907
01452908
01452909
01452910
01452911
01452912
01452913
01452914
01452915
01452916
01452917
01452918
01452919
01452920
01452921
01452922
01452923
01452924
01452970
01453000
01453010
01453011
01453020
01453030
01453040
01453050
01453060
01453070
01453080
01453090
01453100
01453130
01453900
01453901
01453902
01453903
01453904
01453905
01453906
01454000
01454010
01454011
01454020
01454030
01454040
01454050
01454060
01454070
01454080
01454900
01454901
01454902
01454903
01454904
01454905
01454906
01455000
01455010
01455020
01455030
01455040
01455050
01455060
01455070
01455080
01455090
01455100
01455110
01455120
01455900
01455901
01455902
01455903
01455904
01455905
01455906
01456000
01456010
01456020
01456030
01456040
01456050
01456060
01456070
01456090
01457000
01457010
01457020
01457030
01457040
01457050
01457060
01458970
01472900
01489900
01501000
01501001
01501010
01501020
01501030
01501040
01501050
01501060
01501900
01501902
01501903
01501904
01501905
01501906
01501907
01501908
01501959
01501970
01502000
01502001
01502010
01502020
01502900
01502959
01502970
01502999
01503000
01503001
01503010
01503020
01503901
01503902
01503903
01503904
01503905
01504000
01504001
01504010
01504020
01504030
01504959
01504970
01505000
01505001
01505010
01505020
01505030
01505040
01505050
01505060
01505070
01506000
01506010
01506020
01506030
01506900
01507000
01507001
01507010
01507020
01507030
01507900
01508000
01508001
01508010
01508020
01508030
01508040
01508900
01508901
01508902
01508903
01509000
01509001
01509010
01509020
01509030
01509040
01509900
01509970
01510000
01510001
01510010
01510020
01511000
01511001
01511010
01511020
01512000
01512010
01512020
01512030
01512040
01512050
01512060
01512070
01513000
01513010
01513020
01513030
01513040
01514000
01514001
01514010
01514020
01514030
01514040
01514050
01514060
01514070
01515000
01516000
01516100
01516900
01516901
01517000
01517010
01517020
01517030
01517040
01517050
01517060
01517070
01517080
01517090
01517100
01518000
01518010
01518020
01518030
01518040
01518050
01518060
01518070
01518080
01518090
01519000
01519001
01519010
01519020
01519999
01520000
01520010
01520020
01520030
01520040
01521000
01521010
01521020
01521030
01521040
01522000
01522010
01522020
01522030
01522040
01522050
01522060
01523000
01523010
01523020
01523030
01523040
01524000
01524001
01524010
01524020
01524030
01524040
01524050
01524060
01524070
01524090
01525000
01525001
01525010
01525020
01525900
01525901
01525902
01526000
01526010
01526020
01526030
01526040
01526050
01526060
01527000
01527010
01527020
01527030
01527040
01527050
01527060
01527070
01527080
01528000
01528010
01528020
01528030
01528040
01528050
01528060
01528070
01529000
01529001
01529010
01529020
01529030
01529040
01529900
01530000
01530010
01530020
01530030
01530040
01530050
01530060
01530070
01530080
01530090
01530100
01531000
01531001
01531010
01531020
01531030
01531040
01531050
01531060
01531970
01532000
01532001
01532010
01532020
01532030
01532040
01532050
01532060
01532070
01532080
01532090
01532901
01533000
01533010
01533020
01533030
01533040
01533050
01533060
01533070
01533080
01533090
01533100
01534000
01534001
01534010
01534020
01534030
01534040
01534050
01534060
01535000
01535001
01535010
01535020
01535030
01535040
01535050
01536000
01536001
01536005
01536010
01536020
01536030
01536040
01537000
01537001
01537010
01537959
01537970
01538000
01538001
01538010
01538900
01538902
01539000
01539010
01539020
01540000
01540010
01540020
01540030
01540040
01540050
01540060
01540070
01540080
01541000
01541010
01541015
01541020
01541030
01541040
01541050
01541060
01541070
01541080
01542000
01542010
01542015
01542020
01542030
01542040
01542050
01542060
01543000
01543001
01543010
01543020
01543030
01543040
01543050
01543060
01543070
01543080
01543971
01544000
01544001
01544010
01544020
01544030
01544040
01544050
01544060
01544070
01544080
01544090
01544971
01545000
01545001
01545010
01545020
01545030
01545040
01545050
01545060
01545070
01545080
01545090
01545100
01545110
01545900
01545970
01546000
01546010
01546020
01546030
01546040
01546050
01546060
01546070
01546080
01546090
01546100
01546110
01546120
01547000
01547010
01547020
01547030
01547040
01547050
01547060
01547070
01547080
01547090
01547100
01547110
01547130
01547140
01547150
01547160
01547180
01548000
01548010
01548020
01548030
01548040
01548050
01548060
01548070
01548080
01549000
01549010
01549020
01549030
01549040
01549050
01549060
01549070
01549080
01549090
01550000
01550010
01550020
01550030
01550040
01550050
01550060
01550070
01550080
01550090
01550100
01550110
01551000
01551010
01551015
01551020
01551030
01551040
01551050
01551060
01551070
01551080
01552000
01552001
01552010
01552020
01552030
01552035
01552040
01552060
01552070
01552080
01553000
01553010
01553020
01553030
01553040
01553050
01553070
01553080
01553100
01553120
01553130
02001000
02001900
02009010
02009020
02009030
02009040
02010000
02010100
02010200
02010300
02010400
02010500
02010600
02010700
02010800
02010820
02010901
02011000
02011005
02011010
02011100
02011200
02011300
02011400
02011500
02011600
02011900
02011959
02011970
02012000
02012010
02012015
02012020
02012021
02012030
02012040
02012050
02012060
02012070
02012080
02012090
02012100
02012110
02012120
02012130
02013000
02013001
02013002
02013003
02013004
02013005
02013006
02013008
02013009
02013010
02013011
02013012
02013020
02013030
02013040
02013045
02013050
02013055
02013060
02013070
02013080
02013090
02013901
02013959
02013970
02013971
02013999
02016000
02016001
02016004
02016010
02016020
02016030
02016040
02016050
02016060
02017000
02017001
02017002
02017003
02017004
02017007
02017010
02017011
02017012
02017013
02017020
02017030
02017040
02017050
02017901
02017902
02017959
02017970
02018000
02018001
02018010
02018011
02018012
02018017
02018020
02018030
02018040
02018050
02018060
02018070
02018080
02019000
02019005
02019010
02019015
02019020
02019030
02019040
02019050
02019055
02019060
02019070
02019080
02019090
02019095
02019900
02020000
02020001
02020003
02020005
02020008
02020010
02020020
02020030
02020040
02020050
02020060
02020070
02020080
02020085
02020090
02020100
02020110
02020900
02021000
02021010
02021020
02021030
02021040
02021050
02021060
02021070
02021900
02021901
02022000
02022010
02022011
02022016
02022020
02022021
02022026
02022030
02022035
02022040
02022050
02022051
02022054
02022060
02022070
02022080
02022090
02022100
02022110
02022120
02022130
02022900
02022901
02028000
02028010
02028020
02028030
02028040
02029000
02029001
02029006
02029010
02029900
02029901
02030000
02030010
02030100
02030200
02031000
02031010
02031020
02031030
02031040
02031045
02031050
02031100
02031200
02031205
02032000
02032001
02032004
02032006
02032008
02032010
02032020
02032030
02032040
02032060
02032070
02033000
02033005
02033010
02033020
02033025
02033030
02033040
02033050
02033060
02034000
02034001
02034002
02034006
02034010
02034020
02034030
02034900
02034901
02035000
02035005
02035010
02035011
02035012
02035020
02035021
02035022
02035026
02035030
02035040
02035050
02036000
02036001
02036010
02036011
02036013
02036015
02036017
02036020
02036021
02036022
02036030
02036040
02036050
02036055
02036060
02037000
02037001
02037005
02037010
02037020
02037021
02037030
02037040
02037050
02038000
02038005
02038010
02038030
02038033
02038035
02038040
02038050
02038060
02038070
02039000
02039010
02039020
02039030
02039040
02039050
02039060
02039070
02039080
02039090
02040000
02040010
02040020
02040030
02040035
02040040
02040050
02040060
02040070
02040080
02040090
02040100
02040110
02040120
02041000
02041010
02041020
02041030
02041040
02041045
02041050
02041060
02041070
02042000
02042001
02042010
02042011
02042020
02042030
02042040
02043000
02043005
02043010
02043020
02043030
02043040
02043050
02043060
02043061
02043065
02043070
02043075
02043080
02043081
02044000
02044010
02044020
02044030
02044040
02044050
02044060
02044070
02044080
02044090
02044100
02044110
02044120
02044130
02044140
02045000
02045010
02045020
02045030
02045040
02045050
02045060
02045070
02045080
02045970
02046001
02046010
02046020
02046030
02046040
02046050
02046060
02046070
02046080
02046090
02046094
02046097
02047000
02047020
02047030
02047040
02047050
02047060
02047070
02047080
02047090
02047901
02049000
02049005
02049010
02049015
02049900
02050000
02050010
02050020
02050030
02050040
02050050
02051000
02051001
02051006
02051010
02051020
02051030
02051040
02051050
02052000
02052001
02052010
02052020
02052030
02052040
02052043
02052045
02052050
02052060
02052070
02052080
02052090
02052100
02052107
02053000
02053001
02053002
02053003
02053006
02053008
02054010
02054020
02054030
02054040
02054050
02054060
02054070
02054090
02054100
02054110
02055000
02055001
02055006
02055020
02055030
02055040
02055050
02055060
02055070
02055080
02055090
02055100
02056000
02056010
02056020
02056030
02056040
02056050
02056060
02056070
02056080
02060000
02060001
02060010
02060020
02060030
02060040
02060050
02060060
02060070
02060080
02060085
02060100
02060120
02063000
02063901
02063902
