01001989
01031989
01219989
03962130
04416260
04430097
04627959
04726210
04812340
05675060
05818325
06036065
06154005
06220205
06223220
06240008
06351240
06501156
06509100
06724185
06726640
06729160
06755440
06853010
06854130
06867447
06871155
06903060
07122093
07220012
07224211
07600332
07605220
07662425
07663405
07664205
07666670
07667725
07713035
07717730
07789901
07793095
08255989
08265370
08290225
08331420
08577118
08582832
08587824
08625387
08635250
08775626
09270294
09321045
09381279
09390035
09783620
09840833
09842430
11258566
11259132
11446780
11621618
11661155
11693164
11940959
12043667
12050421
12121503
12232313
12302005
12302134
12319080
12441235
12462002
12502430
12505260
12515323
12519250
12703561
12704360
12910006
12918021
12941251
12942820
12948144
12948213
13050629
13053514
13057168
13059575
13060989
13087989
13098838
13104311
13155430
13164130
13165058
13168210
13171842
13193230
13198494
13211651
13218647
13233335
13234222
13234698
13243536
13244290
13252213
13252638
13255197
13255486
13255820
13277585
13286426
13289194
13305453
13306608
13308239
13308296
13310831
13333576
13337977
13411552
13440043
13448460
13453695
13454291
13470438
13470807
13476151
13482696
13484181
13510100
13510156
13518360
13522156
13606242
13607341
13661062
13735452
13737270
13803292
13807754
13830017
13843089
13857100
13857112
13864300
13864524
13866092
13874221
13876253
13903970
13916252
13919150
13923200
13923220
13923404
14022062
14025708
14035252
14040167
14090989
14091279
14092374
14094144
14161116
14165353
14302268
14302286
14307338
14352032
14357130
14402178
14404426
14404715
14417022
14711674
14783021
14783065
14810866
14820009
14832192
14847126
14876180
14882422
14887298
14890786
14900139
14940866
14960188
15055040
15105959
15405154
15406044
15515052
15600328
15606128
15700543
15703344
15707662
15802314
15807363
15850204
15881312
15906260
15993807
16016526
16016625
16016654
16016666
16024031
16052535
16072613
16300434
16304472
16402404
16403604
16404152
16434080
16618020
16660111
16680025
17022083
17031463
17047030
17047386
17120174
17123200
17132010
17168008
17182114
17213110
17214412
17220422
17247020
17270010
17280152
17282246
17286210
17286638
17289990
17347414
17401032
17470116
17471040
17475260
17495316
17509113
17516643
17516753
17516833
17539140
17540306
17610470
17902174
17906030
17908558
18110423
18114090
18116195
18119141
18145116
18145207
18220993
18272570
18274560
18275655
18276290
18304270
18304837
18400959
18401504
18403145
18464230
18601034
18606468
18607495
18650516
18654134
18654584
18670285
18680042
18683323
18701265
18709060
18715029
18732034
18830072
18890031
18890099
18900362
18911024
18950558
18962048
19026152
19044258
19749899
19829899
19830418
19904149
19904715
19908311
20932270
21042630
21510989
21520320
21540302
21665989
21735690
21850360
22260153
22410989
22790886
23017610
23032720
23035462
23064002
23575096
23799899
23811494
23811660
23825080
23826410
23835100
23935285
23954015
23955503
24020310
24110655
24370212
24421760
24422396
24425100
24471415
24724660
24727006
24736718
24738730
24842530
24868036
24917015
24917165
24931305
25211340
25515310
25560002
25575401
25580326
25615129
25645212
25655081
25655358
25675500
25710088
25725284
25802255
25809400
25812745
25815064
25914020
25919276
25922268
25922272
25922856
25926732
25926864
25926879
25949560
25964386
25975015
25980220
26050353
26061155
26080260
26140458
26163207
26182145
26182380
26270112
26294378
26294387
26381826
26425290
26510006
26510367
26535260
26545081
27115005
27115053
27175971
27253170
27256700
27281144
27336578
27945170
27947564
27947565
27949332
27960054
27960376
27966017
27966652
27966728
27966745
27971645
27972046
28060641
28621050
28621138
28633005
28634185
28634405
28635690
28894789
28894790
28908595
28920037
28921227
28922675
28923235
28925222
28925342
28928834
28929404
28944746
28948893
28954755
28955056
28992188
28992194
28995611
29016380
29020757
29033035
29041376
29042171
29045077
29046072
29046534
29046608
29120545
29134574
29136061
29138040
29138605
29138777
29148425
29152697
29152715
29156112
29158259
29164959
29179005
29190365
29197959
29198188
29199328
29199559
29199776
29202559
29203430
29208103
29300461
29304403
29306739
29307374
29652990
29701735
29704161
29704875
29705483
29705762
29706414
29707335
29708265
29709339
29875970
29906793
29934697
29947008
30180959
30230683
30240119
30250312
30290608
30668874
30770295
31275105
31340405
31615152
32044644
32242150
32342020
32425360
32481064
33015590
33031000
33201082
33202554
33203314
33203404
33206111
33239140
33820580
33860224
34004670
34015195
34018084
34018444
34505101
34545160
34575000
34575460
34576060
35057040
35135972
35164514
35171808
35300483
35303511
35420223
35453059
35470959
35500414
35500792
35501164
35502292
35502626
35502757
35503051
35504015
35525252
35570426
35570633
35573388
35574040
35576186
35576876
35591098
35593320
35598134
35661692
35661868
35681304
35702748
35792176
35792692
35901413
35902093
36036710
36051045
36280118
36309389
36400396
36402366
36404502
36406147
36408342
36408487
36409970
36410400
36410501
36416206
36501234
36503274
36503348
36506340
36507356
36570136
36572062
36574444
36576070
36702080
36706036
36770050
36772410
36772527
36886021
36888256
37062878
37191648
37200256
37202674
37205052
37206610
37462970
37501573
37537192
37557090
37558025
37647014
37834856
37837692
37838384
38036572
38038332
38052342
38056786
38079780
38180323
38402367
38409653
38603716
38606362
38620234
38742492
38745644
38840316
39145971
39400168
39404275
39406384
39440091
39445571
39447802
39550973
39801351
39804080
40230072
40255100
40255510
40255660
40290420
40301305
40313830
40327350
40327565
40327850
40335295
40335466
40353467
40390573
40410550
40415800
40420690
40435710
40470208
40470378
40717556
41185325
41205460
41250165
41291240
41306017
41308335
41321290
41321645
41342874
41347425
41615237
41750085
41760080
41770615
41900155
41900973
42705360
42706450
42718095
42722170
42807165
42810033
42810297
42816030
42823588
42827714
42828882
42830646
42837094
42839742
42840708
42840772
44002548
44002834
44044037
44044259
44053170
44057746
44067326
44434428
44435456
44440794
44441242
44441766
44442312
44444384
44444814
44640959
44873052
45007635
45077392
45201067
45201351
45203342
45204253
45208425
45260558
45270959
45601414
45606598
45608770
45611850
45828464
45985721
45987460
45989407
45994868
46550959
46880990
47105970
47699970
47802620
47850959
48010959
48021790
48904031
49070140
49097186
49141364
49320972
49502249
49509890
49511370
50110641
50110795
51290580
52031191
52071435
52091201
52211625
52280705
52490500
53025160
53160615
53210161
53210441
53250791
53320301
53431850
53437475
53441768
53565390
53570660
53605675
53610385
53615340
53637580
53637735
53645035
53647820
54100333
54150510
54150519
54150610
54170194
54230472
54240710
54245280
54280620
54280643
54315582
54325334
54350058
54350082
54360206
54365590
54420205
54420320
54490083
54490204
54518315
54715260
54720265
54720550
54720805
54725090
54730170
54735401
54756783
54759649
54762275
54767734
54768625
54774560
54777158
54783360
54786610
54789225
54789322
55014790
55020822
55022565
55152105
55155850
55194595
55291765
55292442
55292745
55297565
55299645
55592214
55592294
55592482
55607420
55610130
55611370
55642182
55642335
55645146
55816560
55819335
55894970
56304520
56325361
56325400
56328311
56332364
56503026
56503615
56503840
56512420
56512630
56512810
57010660
57018576
57040681
57240214
57245199
57246175
57246417
57267456
57303820
57305854
57309626
57309812
57309831
57601306
57601312
57604034
57607652
57608518
58020674
58040496
58043370
58046723
58062196
58069265
58070145
58079345
58083701
58108365
58113282
58235970
58397976
58412069
58437820
58701316
58703155
58806652
59035166
59074123
59110570
59150657
59159660
59285290
59285653
59295237
59297774
59615495
59616746
59619257
59621296
59630445
59630853
59631959
59643374
59646854
60011260
60030180
60110298
60150959
60325070
60330420
60335494
60346680
60356780
60360610
60360730
60430700
60521050
60542030
60720560
60730780
60748385
60748407
60748553
60748554
60764173
60810120
60834359
60870680
61648130
61650340
61659306
61754990
61766680
61776255
61883000
61943370
62015100
62016180
62030035
62040021
62045112
62320061
62320265
62320390
62327185
62502468
62605973
62800390
62801106
62883150
62900540
63021420
63038640
63109095
63109718
63130480
63504545
63702545
63704045
63705025
63903556
64002463
64014524
64034485
64048959
64055160
64138959
64216675
64217545
64607350
64608096
64793959
64801510
64803435
64803455
64808860
65075280
65300034
65560959
65602190
65603507
65636415
65636483
65905236
65906684
65908734
65909275
65915710
65916125
65917699
65918613
65918619
65919294
65919390
66020460
66025006
66030176
66030178
66030258
66030278
66032065
66032185
66055025
66063360
66075589
66077257
66090560
66615472
66810126
66812121
66812402
66840470
66843120
67125308
67125332
67125638
67214310
68181472
68378160
68378163
68455710
68455715
68500538
68512410
68557855
68626759
68741471
68909022
68909387
68925132
69004014
69041097
69041658
69041746
69063433
69078095
69088731
69101832
69154300
69402271
69557525
69909132
69911872
70040977
70070959
70278060
70312959
70393959
70645061
70674016
70683095
70683350
70686750
70687335
70687450
70755100
71070959
71215670
71587076
71588086
71676120
71687518
71692545
71696168
71696286
71761310
71881347
71884033
71884051
71884702
71884790
71996310
71996715
72001132
72116900
72210166
72210307
72215210
72220537
72220988
72230534
72235525
72236508
72236547
72238154
72246618
72262300
72275544
72275560
72300989
72301514
72302522
72305202
72307205
72307707
72308522
72311218
72315559
72320327
72321504
72325504
72329553
72329575
72329577
72339077
72339130
72426170
72428350
72510418
72537510
72543234
72544206
72547306
72610989
72622412
72640322
72705737
72800240
72817020
72833675
72852474
72856660
72859169
72859291
72859326
72859336
72880383
72880470
72880479
72881060
72883304
72887260
72890117
72895186
72895208
72896354
72896676
72897204
72915579
73015357
73026540
73045005
73340362
73355610
73754656
74369041
74369882
74377415
74393240
74471112
74475194
74497034
74594007
74645031
74684480
74684664
74805430
74884275
74890756
74912350
74924293
74925798
74942130
74971680
74983020
74993505
74993522
75074790
75075220
75143555
75144730
75263291
75360420
75362039
75362141
75372396
75372760
75373462
75390357
75393077
75403716
75405140
75406211
75408302
75516538
75568959
75684669
75698841
75698862
75712690
75830307
75831196
75834540
75907790
76304970
76380040
76493970
76983878
76986344
77001682
77001865
77007046
77017200
77017304
77017306
77018504
77025404
77025630
77061150
77063450
77063490
77063548
77066392
77809390
77814660
77816500
77818718
77818762
77822150
77822238
77824866
77824882
77829074
77829276
78040835
78058299
78070415
78098567
78120812
78132370
78140292
78310959
78453959
78456315
78456389
78555451
78605020
78606268
78695959
78717028
78720846
79004710
79015270
79044847
79052445
79091595
79106530
79117575
79310424
79642042
79644240
79901190
81320252
81935324
82110012
82410318
82810640
82820475
83075463
83210388
83215600
83305265
83305520
83307282
83327145
83504542
83752082
84063342
84268734
84480970
84600060
84603788
85031009
85506212
85506594
85601795
85601857
85606524
85804780
85862466
85868075
86060365
86065395
86077345
87065322
87202728
87210214
87309420
87309862
87511037
88015179
88110916
88111683
88132165
88135332
88137603
88514764
88805763
88911104
89046686
89116721
89160696
89292815
89295514
89364394
89511270
89563404
89563544
89636959
89711440
89802159
89811795
89834959
91380290
92513212
92709450
93056625
93230700
93546551
93548265
93600350
93608110
93806652
94100440
94195270
94251000
94832126
94950740
95181624
95211372
95211640
95670788
95683550
95752974
95870973
95924970
95977970
96085260
96205192
96402340
96501355
96635959
97502064
97509184
97511772
97542033
97712110
97714174
97716269
98787322
98788180
98792632
98802607
98805724
99265959
99705350
99714352
